{
 "cells": [
  {
   "cell_type": "markdown",
   "id": "1cd2a843",
   "metadata": {},
   "source": [
    "Our goal in this Jupyter Notebook is to generate a Gaussian copula linking returns, but drawing samples from an alternative (t) distribution. I.e. a t distribution with Gaussian copula."
   ]
  },
  {
   "cell_type": "code",
   "execution_count": 79,
   "id": "37cd52ee",
   "metadata": {},
   "outputs": [],
   "source": [
    "import pandas as pd\n",
    "import numpy as np"
   ]
  },
  {
   "cell_type": "code",
   "execution_count": 80,
   "id": "d541c938",
   "metadata": {},
   "outputs": [],
   "source": [
    "df = pd.read_excel(\"Archegos.xlsx\", sheet_name = \"Data6m\")\n",
    "df[\"Date\"] = pd.to_datetime(df[\"Date\"], format = \"%d/%m/%Y\")\n",
    "df = df.set_index(\"Date\")"
   ]
  },
  {
   "cell_type": "code",
   "execution_count": 81,
   "id": "a0e80edd",
   "metadata": {},
   "outputs": [
    {
     "name": "stdout",
     "output_type": "stream",
     "text": [
      "              BIDU    TME   VIPS       FTCH     IQ    PARA  DISCA    GSX  \\\n",
      "Date                                                                       \n",
      "2021-03-22  266.13  30.87  45.25  62.000000  28.04  100.34  74.65  83.79   \n",
      "2021-03-19  257.47  30.42  45.45  59.880001  27.77   97.35  77.27  86.60   \n",
      "2021-03-18  264.85  28.52  44.46  59.500000  26.63   96.76  75.95  89.68   \n",
      "2021-03-17  277.13  27.90  44.11  60.770000  26.03   92.34  74.07  92.67   \n",
      "2021-03-16  266.78  26.45  42.92  59.250000  25.50   96.24  75.81  89.30   \n",
      "\n",
      "                 NDX      S&P  \n",
      "Date                           \n",
      "2021-03-22  13086.51  3940.59  \n",
      "2021-03-19  12866.99  3913.10  \n",
      "2021-03-18  12789.14  3915.46  \n",
      "2021-03-17  13202.38  3974.12  \n",
      "2021-03-16  13152.28  3962.71  \n",
      "BIDU      107.10\n",
      "TME        12.60\n",
      "VIPS       17.14\n",
      "FTCH       13.92\n",
      "IQ         16.70\n",
      "PARA       21.53\n",
      "DISCA      21.95\n",
      "GSX        32.61\n",
      "NDX      9598.89\n",
      "S&P      3055.73\n",
      "Name: 2020-06-01 00:00:00, dtype: float64\n"
     ]
    }
   ],
   "source": [
    "print(df.head())\n",
    "print(df.iloc[-1])"
   ]
  },
  {
   "cell_type": "code",
   "execution_count": 82,
   "id": "fa809a31",
   "metadata": {},
   "outputs": [
    {
     "name": "stdout",
     "output_type": "stream",
     "text": [
      "           BIDU       TME      VIPS      FTCH        IQ      PARA     DISCA  \\\n",
      "BIDU   1.000000  0.277230  0.183607  0.233096  0.165643 -0.148865 -0.087102   \n",
      "TME    0.277230  1.000000  0.179014  0.160251  0.145964 -0.134262 -0.152444   \n",
      "VIPS   0.183607  0.179014  1.000000  0.142022  0.130518 -0.172356 -0.138265   \n",
      "FTCH   0.233096  0.160251  0.142022  1.000000 -0.005845 -0.140970 -0.165009   \n",
      "IQ     0.165643  0.145964  0.130518 -0.005845  1.000000 -0.112268 -0.067519   \n",
      "PARA  -0.148865 -0.134262 -0.172356 -0.140970 -0.112268  1.000000  0.752806   \n",
      "DISCA -0.087102 -0.152444 -0.138265 -0.165009 -0.067519  0.752806  1.000000   \n",
      "GSX    0.085910  0.151511  0.084921  0.053516  0.135034  0.078133  0.046718   \n",
      "NDX    0.432392  0.272823  0.217171  0.436955  0.171860 -0.042907 -0.027795   \n",
      "S&P    0.377446  0.196029  0.146626  0.394372  0.173959  0.172132  0.248047   \n",
      "\n",
      "            GSX       NDX       S&P  \n",
      "BIDU   0.085910  0.432392  0.377446  \n",
      "TME    0.151511  0.272823  0.196029  \n",
      "VIPS   0.084921  0.217171  0.146626  \n",
      "FTCH   0.053516  0.436955  0.394372  \n",
      "IQ     0.135034  0.171860  0.173959  \n",
      "PARA   0.078133 -0.042907  0.172132  \n",
      "DISCA  0.046718 -0.027795  0.248047  \n",
      "GSX    1.000000  0.180752  0.061512  \n",
      "NDX    0.180752  1.000000  0.859020  \n",
      "S&P    0.061512  0.859020  1.000000  \n"
     ]
    }
   ],
   "source": [
    "correlations = pd.read_pickle(\"correlations.pkl\")\n",
    "correlations_2 = pd.read_pickle(\"correlations_2.pkl\")\n",
    "vols = pd.read_pickle(\"vols.pkl\")\n",
    "means = pd.read_pickle(\"means.pkl\")\n",
    "# correlations = np.zeros(shape = (10, 10)) + 0.99 + np.identity(10) * 0.01\n",
    "# correlations = pd.DataFrame(correlations)\n",
    "print(correlations)"
   ]
  },
  {
   "cell_type": "code",
   "execution_count": 83,
   "id": "0447122b",
   "metadata": {},
   "outputs": [
    {
     "name": "stdout",
     "output_type": "stream",
     "text": [
      "           BIDU       TME      VIPS      FTCH        IQ      PARA     DISCA  \\\n",
      "BIDU   1.000000  0.291189  0.199336  0.250802  0.173106 -0.113877 -0.058945   \n",
      "TME    0.291189  1.000000  0.198104  0.184016  0.154981 -0.093305 -0.116681   \n",
      "VIPS   0.199336  0.198104  1.000000  0.166178  0.139713 -0.130125 -0.103143   \n",
      "FTCH   0.250802  0.184016  0.166178  1.000000  0.007776 -0.091301 -0.121295   \n",
      "IQ     0.173106  0.154981  0.139713  0.007776  1.000000 -0.091899 -0.051280   \n",
      "PARA  -0.113877 -0.093305 -0.130125 -0.091301 -0.091899  1.000000  0.764065   \n",
      "DISCA -0.058945 -0.116681 -0.103143 -0.121295 -0.051280  0.764065  1.000000   \n",
      "GSX    0.093682  0.159803  0.094104  0.065125  0.139318  0.091714  0.059410   \n",
      "NDX    0.439147  0.283106  0.228312  0.445265  0.177617 -0.019000 -0.007624   \n",
      "S&P    0.385945  0.209134  0.160528  0.405337  0.180346  0.191664  0.263362   \n",
      "\n",
      "            GSX       NDX       S&P  \n",
      "BIDU   0.093682  0.439147  0.385945  \n",
      "TME    0.159803  0.283106  0.209134  \n",
      "VIPS   0.094104  0.228312  0.160528  \n",
      "FTCH   0.065125  0.445265  0.405337  \n",
      "IQ     0.139318  0.177617  0.180346  \n",
      "PARA   0.091714 -0.019000  0.191664  \n",
      "DISCA  0.059410 -0.007624  0.263362  \n",
      "GSX    1.000000  0.186065  0.068385  \n",
      "NDX    0.186065  1.000000  0.860431  \n",
      "S&P    0.068385  0.860431  1.000000  \n"
     ]
    }
   ],
   "source": [
    "print(correlations_2)"
   ]
  },
  {
   "cell_type": "code",
   "execution_count": 84,
   "id": "25a1f853",
   "metadata": {},
   "outputs": [
    {
     "name": "stdout",
     "output_type": "stream",
     "text": [
      "              0\n",
      "BIDU   0.568581\n",
      "TME    0.465502\n",
      "VIPS   0.507060\n",
      "FTCH   0.638710\n",
      "IQ     0.566297\n",
      "PARA   0.523482\n",
      "DISCA  0.481606\n",
      "GSX    1.099691\n",
      "NDX    0.255234\n",
      "S&P    0.186645\n"
     ]
    }
   ],
   "source": [
    "print(vols)"
   ]
  },
  {
   "cell_type": "code",
   "execution_count": 85,
   "id": "61a50dad",
   "metadata": {},
   "outputs": [
    {
     "name": "stdout",
     "output_type": "stream",
     "text": [
      "              0\n",
      "BIDU   1.327444\n",
      "TME    1.256045\n",
      "VIPS   1.371928\n",
      "FTCH   2.117226\n",
      "IQ     0.824081\n",
      "PARA   2.108300\n",
      "DISCA  1.683712\n",
      "GSX    1.813333\n",
      "NDX    0.429533\n",
      "S&P    0.343138\n"
     ]
    }
   ],
   "source": [
    "print(means)"
   ]
  },
  {
   "cell_type": "markdown",
   "id": "2fccf5eb",
   "metadata": {},
   "source": [
    "Using these means is probably not valid, since it was as a result of the price impact of the trades made by Archegos that caused such large rises in the first place"
   ]
  },
  {
   "cell_type": "code",
   "execution_count": 86,
   "id": "22fc543b",
   "metadata": {},
   "outputs": [],
   "source": [
    "from scipy.linalg import cholesky\n",
    "\n",
    "correlations_chol = cholesky(correlations.values, lower = True)"
   ]
  },
  {
   "cell_type": "code",
   "execution_count": 87,
   "id": "abf10a93",
   "metadata": {},
   "outputs": [
    {
     "name": "stdout",
     "output_type": "stream",
     "text": [
      "[[ 1.          0.27723031  0.18360719  0.23309605  0.1656428  -0.14886536\n",
      "  -0.08710169  0.08591008  0.43239201  0.37744612]\n",
      " [ 0.27723031  1.          0.1790137   0.16025143  0.14596448 -0.13426163\n",
      "  -0.15244363  0.15151078  0.27282251  0.19602882]\n",
      " [ 0.18360719  0.1790137   1.          0.14202221  0.13051844 -0.17235593\n",
      "  -0.13826542  0.08492079  0.21717092  0.14662601]\n",
      " [ 0.23309605  0.16025143  0.14202221  1.         -0.00584484 -0.14097031\n",
      "  -0.16500944  0.05351575  0.43695486  0.39437218]\n",
      " [ 0.1656428   0.14596448  0.13051844 -0.00584484  1.         -0.11226766\n",
      "  -0.06751945  0.13503373  0.17186001  0.17395875]\n",
      " [-0.14886536 -0.13426163 -0.17235593 -0.14097031 -0.11226766  1.\n",
      "   0.75280643  0.07813265 -0.04290718  0.1721319 ]\n",
      " [-0.08710169 -0.15244363 -0.13826542 -0.16500944 -0.06751945  0.75280643\n",
      "   1.          0.04671755 -0.02779546  0.24804705]\n",
      " [ 0.08591008  0.15151078  0.08492079  0.05351575  0.13503373  0.07813265\n",
      "   0.04671755  1.          0.18075171  0.06151166]\n",
      " [ 0.43239201  0.27282251  0.21717092  0.43695486  0.17186001 -0.04290718\n",
      "  -0.02779546  0.18075171  1.          0.85901964]\n",
      " [ 0.37744612  0.19602882  0.14662601  0.39437218  0.17395875  0.1721319\n",
      "   0.24804705  0.06151166  0.85901964  1.        ]]\n"
     ]
    }
   ],
   "source": [
    "correlations_reconstructed = correlations_chol @ correlations_chol.T\n",
    "print(correlations_reconstructed)"
   ]
  },
  {
   "cell_type": "code",
   "execution_count": 88,
   "id": "fdce0d8b",
   "metadata": {},
   "outputs": [],
   "source": [
    "def multivariate_samples(samples, correlations):\n",
    "    correlations_chol = cholesky(correlations.values, lower = True)\n",
    "\n",
    "    n, m = correlations.shape\n",
    "\n",
    "    normals = np.random.standard_normal(size = (n, samples))\n",
    "\n",
    "    return correlations_chol @ normals\n",
    "    "
   ]
  },
  {
   "cell_type": "code",
   "execution_count": 89,
   "id": "f933c2a0",
   "metadata": {},
   "outputs": [
    {
     "name": "stdout",
     "output_type": "stream",
     "text": [
      "[[ 1.71468636  0.39475655]\n",
      " [ 1.88777408  0.23788522]\n",
      " [-0.36151958 -1.11090039]\n",
      " [ 1.45050793 -0.91762113]\n",
      " [-0.42070133  0.86446696]\n",
      " [-0.80721186 -0.16190732]\n",
      " [-1.33272054  0.96233458]\n",
      " [-0.05733219  0.38120756]\n",
      " [ 1.9272086  -1.23141659]\n",
      " [ 1.39961137 -0.90790687]]\n"
     ]
    }
   ],
   "source": [
    "multivariate_sampler = multivariate_samples(2 , correlations)\n",
    "\n",
    "print(multivariate_sampler)\n"
   ]
  },
  {
   "cell_type": "code",
   "execution_count": 90,
   "id": "ffee0e8f",
   "metadata": {},
   "outputs": [],
   "source": [
    "stocks = [\"BIDU\", \"TME\", \"VIPS\", \"FTCH\", \"IQ\", \"PARA\", \"DISCA\", \"GSX\", \"NDX\", \"S&P\"]\n",
    "mus = [0, 0, 0, 0, 0, 0, 0, 0, 0, 0] # Daily means\n",
    "sigmas = [0.01, 0.01, 0.01, 0.01, 0.01, 0.01, 0.01, 0.01, 0.01, 0.01] # Daily sigmas\n",
    "degrees_of_freedoms = [3, 3, 3, 3, 3, 3, 3, 3, 3, 3]\n",
    "\n"
   ]
  },
  {
   "cell_type": "code",
   "execution_count": 91,
   "id": "a9cd7de2",
   "metadata": {},
   "outputs": [],
   "source": [
    "from scipy.stats import norm\n",
    "from scipy.stats import t as t_dist"
   ]
  },
  {
   "cell_type": "code",
   "execution_count": 92,
   "id": "2af29766",
   "metadata": {},
   "outputs": [],
   "source": [
    "def t_log_returns(multivariate_sampler, stocks, mus, sigmas, degrees_of_freedoms):\n",
    "    \"\"\"\n",
    "    Function to take a set of multivariate Gaussian samples, and return t-distribution samples\n",
    "    distributed according to the Gaussian copula implied by the multivariate Gaussian samples.\n",
    "    \n",
    "    Multivariate samples are standardised multivariate samples\n",
    "    Stocks are the names of the stocks sampled\n",
    "    mus are the daily average drifts for the stocks\n",
    "    sigmas are the daily volatilities for the stocks\n",
    "    degrees of freedoms are the degrees of freedom for each stock\n",
    "    \"\"\"\n",
    "    n = len(stocks)\n",
    "\n",
    "    log_returns = np.zeros(shape = multivariate_sampler.shape)\n",
    "    \n",
    "    for i in range(0, n):\n",
    "        log_returns[i, :] = t_dist.ppf(norm.cdf(multivariate_sampler[i, :]), df = degrees_of_freedoms[i]) * sigmas[i] + mus[i]\n",
    "\n",
    "    return log_returns"
   ]
  },
  {
   "cell_type": "code",
   "execution_count": 93,
   "id": "b69f9a56",
   "metadata": {},
   "outputs": [],
   "source": [
    "def generate_t_increment_portfolio_changes_paths_frame(stocks, mus, sigmas, degrees_of_freedoms, correlations, MPOR, initial_values, samples):\n",
    "    \"\"\"\n",
    "    Given a portfolio of stocks, daily drifts, daily volatilities, degrees of freedom, MPOR, \n",
    "    initial values for stock prices, and quantities of shares held returns a samples of \n",
    "    portfolio value changes over the MPOR distributing the stocks according to t-distributions\n",
    "    correlated according to a Gaussian copula with correlation matrix correlations.\n",
    "\n",
    "    stocks: A list containing strings for the name of each stock\n",
    "    mus: The daily drifts of each stock A np array of floats\n",
    "    sigmas: The daily vols of each stock. A np array of floats\n",
    "    degrees_of_freedoms: The t-distribution number of degrees of freedom for each stock. A fnp array of floats\n",
    "    correlations: The correlation matrix of the underlying Gaussian copula. A np array or pandas matrix\n",
    "    MPOR: The margin period of risk. An integer\n",
    "    initial_values: The starting stock price of each stock. A np array of floats.\n",
    "    quantities: The quantity of each stock held (long or short) A np array of floats.\n",
    "    samples: The number of samples to generate\n",
    "    \"\"\"\n",
    "    \n",
    "    no_of_stocks = len(stocks)\n",
    "\n",
    "    increments = np.zeros(shape = (samples, no_of_stocks))\n",
    "\n",
    "    for i in range(0, samples):\n",
    "        gaussian_samples = multivariate_samples(MPOR, correlations)\n",
    "\n",
    "        t_log_returns_array = t_log_returns(gaussian_samples, stocks, mus, sigmas, degrees_of_freedoms)\n",
    "\n",
    "        overall_returns = t_log_returns_array.sum(axis = 1)\n",
    "\n",
    "        increments[i, :] = (np.exp(overall_returns) - 1) * initial_values\n",
    "    \n",
    "    portfolio_increment_frame = pd.DataFrame(increments, columns = stocks)\n",
    "\n",
    "    portfolio_increment_frame['Total'] = portfolio_increment_frame.sum(axis = 1)\n",
    "\n",
    "    return portfolio_increment_frame"
   ]
  },
  {
   "cell_type": "code",
   "execution_count": 94,
   "id": "713b22c2",
   "metadata": {},
   "outputs": [
    {
     "name": "stdout",
     "output_type": "stream",
     "text": [
      "       BIDU       TME      VIPS      FTCH        IQ      PARA     DISCA  \\\n",
      "0  0.046122  0.113771  0.149019  0.018228 -0.183132 -0.248708  0.050524   \n",
      "1 -0.117573  0.586405 -0.209455 -0.076971 -0.032186  0.530620  0.221057   \n",
      "2 -0.758539 -0.178800 -0.297178 -0.419043 -0.431768 -0.253857 -0.399132   \n",
      "\n",
      "        GSX       NDX       S&P     Total  \n",
      "0  0.635282  0.726586  0.965476  2.273169  \n",
      "1  2.554180  0.037867 -0.133096  3.360847  \n",
      "2  1.157867 -0.256408 -0.571054 -2.407911  \n"
     ]
    }
   ],
   "source": [
    "print(generate_t_increment_portfolio_changes_paths_frame(stocks, mus, sigmas, degrees_of_freedoms, correlations, 10, 10, 3))\n",
    "\n"
   ]
  },
  {
   "cell_type": "code",
   "execution_count": 95,
   "id": "a3f2e961",
   "metadata": {},
   "outputs": [],
   "source": [
    "def generate_correlated_brownians(samples, time_steps, correlated_root, maturity):\n",
    "    \"\"\"\n",
    "    Generates correlated brownians according to a correlation matrix's root\n",
    "    with maturity T, and time_steps time_steps. Returns samples samples of\n",
    "    these paths.\n",
    "\n",
    "    Return is a (samples, time_steps, dimension_of_correlations_matrix) np\n",
    "    array, so that [i,j,k] is the k'th brownian at the j'th timestep of the i'th\n",
    "    sample\n",
    "    \"\"\"\n",
    "\n",
    "    n = correlated_root.shape[0] # Dimensions of correlations matrix\n",
    "    brownian_intervals = np.sqrt(maturity / time_steps) * np.random.standard_normal(size = (time_steps, samples, n))\n",
    "    correlated_intervals = np.einsum('stj, ij', brownian_intervals, correlated_root).T\n",
    "    brownian_increments = np.concatenate([np.zeros((samples, 1, n)), correlated_intervals], axis = 1)\n",
    "    return brownian_increments.cumsum(axis = 1)"
   ]
  },
  {
   "cell_type": "code",
   "execution_count": 96,
   "id": "aec79a9d",
   "metadata": {},
   "outputs": [
    {
     "name": "stdout",
     "output_type": "stream",
     "text": [
      "[1.  1.5]\n",
      "[1.  1.5]\n",
      "(4, 3, 2)\n"
     ]
    }
   ],
   "source": [
    "\n",
    "n = 2\n",
    "samples = 4\n",
    "time_steps = 3\n",
    "maturity = 1\n",
    "mu = np.array([1, 2])\n",
    "vols = np.array([0, 1])\n",
    "\n",
    "\n",
    "A = mu - 0.5 * vols * vols\n",
    "print(A)\n",
    "\n",
    "delta_t = np.linspace(0, maturity, time_steps)\n",
    "time_space = np.tile(delta_t, reps = (n, 1))\n",
    "time_space = np.tile(time_space.T, reps = (samples, 1, 1))\n",
    "\n",
    "\n",
    "multipled = np.einsum('ijk, k -> ijk', time_space, A)\n",
    "print(multipled[0][2])\n",
    "print(multipled.shape)\n"
   ]
  },
  {
   "cell_type": "code",
   "execution_count": 97,
   "id": "3ff44934",
   "metadata": {},
   "outputs": [],
   "source": [
    "def generate_correlated_geometric_brownians(samples, time_steps, correlated_root, maturity, mu, vols, initial_values):\n",
    "    \"\"\"\n",
    "    Generates correlated geometric brownians with drifts mu, volatilities vols, and initial values initial_values.\n",
    "\n",
    "    mu, vols and initial_values should be floats of the same dimension as correlated_root.\n",
    "    Samples is the number of samples to return\n",
    "    time_steps is the number of time steps to take\n",
    "    maturity is the final maturity of the process\n",
    "    correlated_root is the root (e.g. Cholesky root) of the correlations matrix\n",
    "    \"\"\"\n",
    "\n",
    "    \n",
    "\n",
    "    n = correlated_root.shape[0]\n",
    "\n",
    "    # If mu and vols are passed as a pandas data frame, the shape will be (n, 1) rather than (n,)\n",
    "    # We require shape (n,) for the Einstein sums to work... so we reshape\n",
    "\n",
    "    if type(mu) == (pd.DataFrame):\n",
    "        mu = np.reshape(mu.values, (n,))\n",
    "\n",
    "    if type(vols) == (pd.DataFrame):\n",
    "        vols = np.reshape(vols.values, (n,))    \n",
    "\n",
    "\n",
    "    \n",
    "    brownians = generate_correlated_brownians(samples, time_steps, correlated_root, maturity)\n",
    "\n",
    "    # Strategy is to generate them from an explicit sampling scheme.\n",
    "    # i.e. (mu - 0.5 * vol^2)dt  + vol * dW_t\n",
    "    # Then exponentiate\n",
    "\n",
    "    delta_t = np.linspace(0, maturity, time_steps + 1)\n",
    "    time_space = np.tile(delta_t, reps = (n, 1))\n",
    "    time_space = np.tile(time_space.T, reps = (samples, 1, 1))\n",
    "\n",
    "    A = mu - 0.5 * vols * vols\n",
    "\n",
    "    determinstic_increments = np.einsum('ijk, k -> ijk', time_space, A)\n",
    "\n",
    "    random_increments = np.einsum('ijk, k -> ijk', brownians, vols)\n",
    "\n",
    "    exponents = determinstic_increments + random_increments\n",
    "\n",
    "    unitialised_geometric_brownian_motions = np.exp(exponents)\n",
    "\n",
    "    geometric_brownian_motions = np.einsum('ijk, k -> ijk', unitialised_geometric_brownian_motions, initial_values)\n",
    "\n",
    "    return geometric_brownian_motions\n",
    "\n",
    "\n",
    "\n",
    "\n",
    "\n",
    "    "
   ]
  },
  {
   "cell_type": "code",
   "execution_count": 98,
   "id": "3d421703",
   "metadata": {},
   "outputs": [
    {
     "name": "stdout",
     "output_type": "stream",
     "text": [
      "Root Shape\n",
      "(2, 2)\n",
      "(2,)\n",
      "(2,)\n",
      "(10, 10)\n",
      "[[[  266.13          30.87          45.25       ...    83.79\n",
      "   13086.51        3940.59      ]\n",
      "  [  269.59761736    30.76605518    46.18187221 ...    85.28998236\n",
      "   13063.37772536  3947.29089736]\n",
      "  [  273.13793741    30.88985152    45.42176268 ...    84.35879285\n",
      "   13076.57381676  3944.54170221]\n",
      "  ...\n",
      "  [  346.30451906    38.97600737    72.37500453 ...    95.83227982\n",
      "   13300.33894975  4054.18402141]\n",
      "  [  340.15121691    38.66923008    71.70964557 ...    92.86391258\n",
      "   13387.24051806  4057.71619007]\n",
      "  [  342.53667512    38.40379252    71.24814997 ...    96.16248829\n",
      "   13368.63402717  4061.92072725]]]\n"
     ]
    }
   ],
   "source": [
    "root = np.array([[1,0],[1,0]])\n",
    "mu = np.array([0.5, 2])\n",
    "vol = np.array([1, 2])\n",
    "initial_values = np.array([1, 1])\n",
    "geometric_brownians = generate_correlated_geometric_brownians(1, 1, root, 1, mu, vol, initial_values)\n",
    "\n",
    "print(\"Root Shape\")\n",
    "print(root.shape)\n",
    "print(mu.shape)\n",
    "print(vol.shape)\n",
    "\n",
    "\n",
    "correlations = pd.read_pickle(\"correlations_2.pkl\")\n",
    "vols = np.reshape(pd.read_pickle(\"vols.pkl\").values, (10,))\n",
    "means = np.reshape(pd.read_pickle(\"means.pkl\").values, (10,))\n",
    "cholesky_root = cholesky(correlations)\n",
    "\n",
    "vols = pd.read_pickle(\"vols.pkl\")\n",
    "means = pd.read_pickle(\"means.pkl\")\n",
    "\n",
    "# print(vols.shape)\n",
    "# print(means.shape)\n",
    "print(cholesky_root.shape)\n",
    "\n",
    "all_stock_and_index_values = np.array([266.13, 30.87, 45.25, 62, 28.04, 100.34, 74.65, 83.79, 13086.51, 3940.59])\n",
    "\n",
    "geometric_brownians = generate_correlated_geometric_brownians(1, 300, cholesky_root, 30/260, means.T, vols.T, all_stock_and_index_values)\n",
    "print(geometric_brownians)"
   ]
  }
 ],
 "metadata": {
  "kernelspec": {
   "display_name": ".venv",
   "language": "python",
   "name": "python3"
  },
  "language_info": {
   "codemirror_mode": {
    "name": "ipython",
    "version": 3
   },
   "file_extension": ".py",
   "mimetype": "text/x-python",
   "name": "python",
   "nbconvert_exporter": "python",
   "pygments_lexer": "ipython3",
   "version": "3.13.5"
  }
 },
 "nbformat": 4,
 "nbformat_minor": 5
}
